2
VPN	PPN	R bit	COUNTER
2	1	1	00000000
-1	2	0	00000000
-1	3	0	00000000
-1	4	0	00000000

1
VPN	PPN	R bit	COUNTER
2	1	1	00000000
1	2	1	00000000
-1	3	0	00000000
-1	4	0	00000000

4
VPN	PPN	R bit	COUNTER
2	1	0	10000000
1	2	0	10000000
4	3	0	10000000
-1	4	0	00000000

4
VPN	PPN	R bit	COUNTER
2	1	0	10000000
1	2	0	10000000
4	3	1	10000000
-1	4	0	00000000

4
VPN	PPN	R bit	COUNTER
2	1	0	10000000
1	2	0	10000000
4	3	1	10000000
-1	4	0	00000000

2
VPN	PPN	R bit	COUNTER
2	1	0	11000000
1	2	0	01000000
4	3	0	11000000
-1	4	0	00000000

3
VPN	PPN	R bit	COUNTER
2	1	0	11000000
1	2	0	01000000
4	3	0	11000000
3	4	1	00000000

4
VPN	PPN	R bit	COUNTER
2	1	0	11000000
1	2	0	01000000
4	3	1	11000000
3	4	1	00000000

2
VPN	PPN	R bit	COUNTER
2	1	0	11100000
1	2	0	00100000
4	3	0	11100000
3	4	0	10000000

6
VPN	PPN	R bit	COUNTER
2	1	0	11100000
6	2	1	00000000
4	3	0	11100000
3	4	0	10000000

7
VPN	PPN	R bit	COUNTER
2	1	0	11100000
7	2	1	00000000
4	3	0	11100000
3	4	0	10000000

7
VPN	PPN	R bit	COUNTER
2	1	0	01110000
7	2	0	10000000
4	3	0	01110000
3	4	0	01000000

